-4.135578
-1.655104
8.357076
-0.134441
-6.477256
-7.474791
-9.506006
-10.393549
-3.212135
-4.227741
9.819252
-0.956516
-0.259801
-2.071960
-1.972089
1.262152
-9.048192
-10.781993
-27.230283
5.591084
18.853584
10.000370
-1.969281
-9.859559
14.375456
-17.417918
-14.639304
-7.904079
-12.561779
6.312686
-3.498277
10.213836
-12.655075
-2.735806
7.417493
-8.048791
-2.919586
-1.177319
-3.510488
3.158587
8.089308
1.977219
8.341473
-18.727486
8.647467
8.356547
5.219829
-12.283978
-5.445244
11.468346
-8.269355
-10.098738
-3.236520
1.033206
-1.857131
0.229564
3.282992
19.769372
9.872614
-7.791701
-2.509317
-7.129764
1.652984
-1.444395
3.605214
2.451850
-13.688013
11.478804
-6.378508
-18.730085
-0.287919
-4.307038
-4.211986
1.387401
-7.322217
5.899639
-3.444334
-4.721713
4.147856
4.677721
-5.929802
23.608936
15.576300
1.573627
5.865017
1.603098
17.406241
2.513549
-15.072127
-3.365605
-15.447793
2.122148
0.223606
-0.999902
23.574676
-14.814514
-4.587884
-0.735555
-5.152705
-2.924332
